Algebraic modular forms associated to discriminant -195

Genus size: 8

Class representative:
[ 2 -1  1  0  0 -1]
[-1  2  0  0  0  0]
[ 1  0  2  0  0 -1]
[ 0  0  0  2 -1  0]
[ 0  0  0 -1  4 -1]
[-1  0 -1  0 -1  8]

Char. Poly                             Size    (spin, det) = (1, 1)    (1, -1)    (3, 1)    (3, -1)    (5, 1)    (5, -1)    (13, 1)    (13, -1)    (15, 1)    (15, -1)    (39, 1)    (39, -1)    (65, 1)    (65, -1)    (195, 1)    (195, -1)
-----------------------------------  ------  ----------------------  ---------  --------  ---------  --------  ---------  ---------  ----------  ---------  ----------  ---------  ----------  ---------  ----------  ----------  -----------
(x - 1)^6                                 1                       1          1         1          1         1          1          1           1          1           1          1           1          1           1           1            1
(x - 1)^2 * (x + 1)^4                     6                       1          1        -1         -1        -1         -1         -1          -1          1           1          1           1          1           1          -1           -1
(x - 1)^2 * (x + 1)^4                     3                       1          1        -1         -1        -1         -1         -1          -1          1           1          1           1          1           1          -1           -1
(x - 1)^3 * (x + 1)^3                     3                       1         -1        -1          1        -1          1         -1           1          1          -1          1          -1          1          -1          -1            1
(x + 1)^6                                 1                       1          1        -1         -1        -1         -1         -1          -1          1           1          1           1          1           1          -1           -1
(x - 1) * (x + 1)^5                       1                       1         -1        -1          1        -1          1         -1           1          1          -1          1          -1          1          -1          -1            1
(x - 1)^2 * (x + 1)^2 * (x^2 + 1)         6                       1          1         1          1         1          1          1           1          1           1          1           1          1           1           1            1
(x + 1) * (x - 1)^3 * (x^2 + 1)           6                       1         -1         1         -1         1         -1          1          -1          1          -1          1          -1          1          -1           1           -1
(x - 1)^3 * (x + 1)^3                     3                       1         -1         1         -1         1         -1          1          -1          1          -1          1          -1          1          -1           1           -1
(x + 1)^2 * (x - 1)^4                     3                       1          1         1          1         1          1          1           1          1           1          1           1          1           1           1            1
(x + 1)^4 * (x^2 - x + 1)                 8                       1          1        -1         -1        -1         -1         -1          -1          1           1          1           1          1           1          -1           -1
(x - 1) * (x + 1)^3 * (x^2 - x + 1)       8                       1         -1        -1          1        -1          1         -1           1          1          -1          1          -1          1          -1          -1            1
(x - 1) * (x + 1)^3 * (x^2 + 1)           6                       1         -1        -1          1        -1          1         -1           1          1          -1          1          -1          1          -1          -1            1
(x - 1)^2 * (x + 1)^2 * (x^2 + 1)         6                       1          1        -1         -1        -1         -1         -1          -1          1           1          1           1          1           1          -1           -1
(x + 1) * (x - 1)^3 * (x^2 + x + 1)       8                       1         -1         1         -1         1         -1          1          -1          1          -1          1          -1          1          -1           1           -1
(x - 1)^4 * (x^2 + x + 1)                 8                       1          1         1          1         1          1          1           1          1           1          1           1          1           1           1            1
(x + 1)^2 * (x - 1)^4                     6                       1          1         1          1         1          1          1           1          1           1          1           1          1           1           1            1
(x + 1) * (x - 1)^5                       6                       1         -1         1         -1         1         -1          1          -1          1          -1          1          -1          1          -1           1           -1
(x + 1) * (x - 1)^5                       1                       1         -1         1         -1         1         -1          1          -1          1          -1          1          -1          1          -1           1           -1
(x - 1) * (x + 1)^5                       6                       1         -1        -1          1        -1          1         -1           1          1          -1          1          -1          1          -1          -1            1

#O(Q) = 96
#SO(Q) = 48

------------------------------------------------------------------------------------------------------------------------

Class representative:
[ 2 -1 -1 -1  0  0]
[-1  2  1  1  0  0]
[-1  1  2  1  0  0]
[-1  1  1  4  0  0]
[ 0  0  0  0  4 -1]
[ 0  0  0  0 -1  4]

Char. Poly                               Size    (spin, det) = (1, 1)    (1, -1)    (3, 1)    (3, -1)    (5, 1)    (5, -1)    (13, 1)    (13, -1)    (15, 1)    (15, -1)    (39, 1)    (39, -1)    (65, 1)    (65, -1)    (195, 1)    (195, -1)
-------------------------------------  ------  ----------------------  ---------  --------  ---------  --------  ---------  ---------  ----------  ---------  ----------  ---------  ----------  ---------  ----------  ----------  -----------
(x - 1)^6                                   1                       1          1         1          1         1          1          1           1          1           1          1           1          1           1           1            1
(x - 1) * (x + 1)^3 * (x^2 - x + 1)         8                       1         -1        -1          1         1         -1         -1           1         -1           1          1          -1         -1           1           1           -1
(x - 1) * (x + 1)^3 * (x^2 - x + 1)         8                       1         -1         1         -1        -1          1         -1           1         -1           1         -1           1          1          -1           1           -1
(x - 1)^2 * (x + 1)^2 * (x^2 - x + 1)       8                       1          1         1          1         1          1         -1          -1          1           1         -1          -1         -1          -1          -1           -1
(x - 1) * (x + 1)^5                         6                       1         -1        -1          1        -1          1         -1           1          1          -1          1          -1          1          -1          -1            1
(x - 1)^2 * (x + 1)^4                       6                       1          1        -1         -1         1          1         -1          -1         -1          -1          1           1         -1          -1           1            1
(x - 1)^2 * (x + 1)^4                       6                       1          1         1          1        -1         -1         -1          -1         -1          -1         -1          -1          1           1           1            1
(x - 1)^3 * (x + 1)^3                       6                       1         -1         1         -1         1         -1         -1           1          1          -1         -1           1         -1           1          -1            1
(x + 1)^6                                   1                       1          1        -1         -1        -1         -1         -1          -1          1           1          1           1          1           1          -1           -1
(x - 1) * (x + 1)^5                         1                       1         -1        -1          1         1         -1         -1           1         -1           1          1          -1         -1           1           1           -1
(x - 1) * (x + 1)^5                         1                       1         -1         1         -1        -1          1         -1           1         -1           1         -1           1          1          -1           1           -1
(x - 1)^2 * (x + 1)^4                       1                       1          1         1          1         1          1         -1          -1          1           1         -1          -1         -1          -1          -1           -1
(x - 1)^2 * (x + 1)^2 * (x^2 + x + 1)       8                       1          1        -1         -1        -1         -1          1           1          1           1         -1          -1         -1          -1           1            1
(x + 1) * (x - 1)^3 * (x^2 + x + 1)         8                       1         -1        -1          1         1         -1          1          -1         -1           1         -1           1          1          -1          -1            1
(x + 1) * (x - 1)^3 * (x^2 + x + 1)         8                       1         -1         1         -1        -1          1          1          -1         -1           1          1          -1         -1           1          -1            1
(x - 1)^4 * (x^2 + x + 1)                   8                       1          1         1          1         1          1          1           1          1           1          1           1          1           1           1            1
(x - 1) * (x + 1)^3 * (x^2 + 1)             6                       1         -1        -1          1        -1          1          1          -1          1          -1         -1           1         -1           1           1           -1
(x - 1)^2 * (x + 1)^2 * (x^2 + 1)           6                       1          1        -1         -1         1          1          1           1         -1          -1         -1          -1          1           1          -1           -1
(x - 1)^2 * (x + 1)^2 * (x^2 + 1)           6                       1          1         1          1        -1         -1          1           1         -1          -1          1           1         -1          -1          -1           -1
(x + 1) * (x - 1)^3 * (x^2 + 1)             6                       1         -1         1         -1         1         -1          1          -1          1          -1          1          -1          1          -1           1           -1
(x - 1)^2 * (x + 1)^4                       3                       1          1        -1         -1        -1         -1          1           1          1           1         -1          -1         -1          -1           1            1
(x - 1)^3 * (x + 1)^3                       3                       1         -1        -1          1         1         -1          1          -1         -1           1         -1           1          1          -1          -1            1
(x - 1)^3 * (x + 1)^3                       3                       1         -1         1         -1        -1          1          1          -1         -1           1          1          -1         -1           1          -1            1
(x + 1)^2 * (x - 1)^4                       3                       1          1         1          1         1          1          1           1          1           1          1           1          1           1           1            1
(x - 1)^3 * (x + 1)^3                       6                       1         -1        -1          1        -1          1          1          -1          1          -1         -1           1         -1           1           1           -1
(x + 1)^2 * (x - 1)^4                       6                       1          1        -1         -1         1          1          1           1         -1          -1         -1          -1          1           1          -1           -1
(x + 1)^2 * (x - 1)^4                       6                       1          1         1          1        -1         -1          1           1         -1          -1          1           1         -1          -1          -1           -1
(x + 1) * (x - 1)^5                         6                       1         -1         1         -1         1         -1          1          -1          1          -1          1          -1          1          -1           1           -1
(x - 1) * (x + 1)^3 * (x^2 + 1)             6                       1         -1        -1          1        -1          1         -1           1          1          -1          1          -1          1          -1          -1            1
(x - 1)^2 * (x + 1)^2 * (x^2 + 1)           6                       1          1        -1         -1         1          1         -1          -1         -1          -1          1           1         -1          -1           1            1
(x - 1)^2 * (x + 1)^2 * (x^2 + 1)           6                       1          1         1          1        -1         -1         -1          -1         -1          -1         -1          -1          1           1           1            1
(x + 1) * (x - 1)^3 * (x^2 + 1)             6                       1         -1         1         -1         1         -1         -1           1          1          -1         -1           1         -1           1          -1            1
(x - 1)^2 * (x + 1)^4                       3                       1          1        -1         -1        -1         -1         -1          -1          1           1          1           1          1           1          -1           -1
(x - 1)^3 * (x + 1)^3                       3                       1         -1        -1          1         1         -1         -1           1         -1           1          1          -1         -1           1           1           -1
(x - 1)^3 * (x + 1)^3                       3                       1         -1         1         -1        -1          1         -1           1         -1           1         -1           1          1          -1           1           -1
(x + 1)^2 * (x - 1)^4                       3                       1          1         1          1         1          1         -1          -1          1           1         -1          -1         -1          -1          -1           -1
(x + 1)^2 * (x - 1)^4                       1                       1          1        -1         -1        -1         -1          1           1          1           1         -1          -1         -1          -1           1            1
(x + 1) * (x - 1)^5                         1                       1         -1        -1          1         1         -1          1          -1         -1           1         -1           1          1          -1          -1            1
(x + 1) * (x - 1)^5                         1                       1         -1         1         -1        -1          1          1          -1         -1           1          1          -1         -1           1          -1            1
(x + 1)^4 * (x^2 - x + 1)                   8                       1          1        -1         -1        -1         -1         -1          -1          1           1          1           1          1           1          -1           -1

#O(Q) = 192
#SO(Q) = 96

------------------------------------------------------------------------------------------------------------------------

Class representative:
[ 2  1  1  1 -1 -1]
[ 1  2  1  0 -1 -1]
[ 1  1  2  1 -1 -1]
[ 1  0  1  2 -1  0]
[-1 -1 -1 -1  8  0]
[-1 -1 -1  0  0  8]

Char. Poly                               Size    (spin, det) = (1, 1)    (1, -1)    (3, 1)    (3, -1)    (5, 1)    (5, -1)    (13, 1)    (13, -1)    (15, 1)    (15, -1)    (39, 1)    (39, -1)    (65, 1)    (65, -1)    (195, 1)    (195, -1)
-------------------------------------  ------  ----------------------  ---------  --------  ---------  --------  ---------  ---------  ----------  ---------  ----------  ---------  ----------  ---------  ----------  ----------  -----------
(x - 1)^6                                   1                       1          1         1          1         1          1          1           1          1           1          1           1          1           1           1            1
(x + 1)^6                                   1                       1          1        -1         -1        -1         -1         -1          -1          1           1          1           1          1           1          -1           -1
(x + 1)^2 * (x - 1)^4                       6                       1          1         1          1         1          1          1           1          1           1          1           1          1           1           1            1
(x - 1)^2 * (x + 1)^4                       6                       1          1        -1         -1        -1         -1         -1          -1          1           1          1           1          1           1          -1           -1
(x - 1)^2 * (x + 1)^4                       1                       1          1         1          1         1          1          1           1          1           1          1           1          1           1           1            1
(x + 1)^2 * (x - 1)^4                       1                       1          1        -1         -1        -1         -1         -1          -1          1           1          1           1          1           1          -1           -1
(x + 1)^2 * (x - 1)^4                      12                       1          1         1          1         1          1          1           1          1           1          1           1          1           1           1            1
(x - 1)^2 * (x + 1)^4                      12                       1          1        -1         -1        -1         -1         -1          -1          1           1          1           1          1           1          -1           -1
(x - 1)^2 * (x^2 + 1)^2                    12                       1          1         1          1         1          1          1           1          1           1          1           1          1           1           1            1
(x + 1)^2 * (x^2 + 1)^2                    12                       1          1        -1         -1        -1         -1         -1          -1          1           1          1           1          1           1          -1           -1
(x - 1)^4 * (x^2 + x + 1)                  32                       1          1         1          1         1          1          1           1          1           1          1           1          1           1           1            1
(x + 1)^4 * (x^2 - x + 1)                  32                       1          1        -1         -1        -1         -1         -1          -1          1           1          1           1          1           1          -1           -1
(x - 1)^2 * (x + 1)^2 * (x^2 - x + 1)      32                       1          1         1          1         1          1          1           1          1           1          1           1          1           1           1            1
(x - 1)^2 * (x + 1)^2 * (x^2 + x + 1)      32                       1          1        -1         -1        -1         -1         -1          -1          1           1          1           1          1           1          -1           -1
(x + 1) * (x - 1)^5                        12                       1         -1         1         -1         1         -1          1          -1          1          -1          1          -1          1          -1           1           -1
(x - 1) * (x + 1)^5                        12                       1         -1        -1          1        -1          1         -1           1          1          -1          1          -1          1          -1          -1            1
(x + 1) * (x - 1)^3 * (x^2 + 1)            24                       1         -1         1         -1         1         -1          1          -1          1          -1          1          -1          1          -1           1           -1
(x - 1) * (x + 1)^3 * (x^2 + 1)            24                       1         -1        -1          1        -1          1         -1           1          1          -1          1          -1          1          -1          -1            1
(x - 1)^3 * (x + 1)^3                      12                       1         -1         1         -1         1         -1          1          -1          1          -1          1          -1          1          -1           1           -1
(x - 1)^3 * (x + 1)^3                      12                       1         -1        -1          1        -1          1         -1           1          1          -1          1          -1          1          -1          -1            1
(x + 1) * (x - 1)^3 * (x^2 + 1)            48                       1         -1         1         -1         1         -1          1          -1          1          -1          1          -1          1          -1           1           -1
(x - 1) * (x + 1)^3 * (x^2 + 1)            48                       1         -1        -1          1        -1          1         -1           1          1          -1          1          -1          1          -1          -1            1
(x + 1)^2 * (x - 1)^4                       4                       1          1        -1         -1        -1         -1          1           1          1           1         -1          -1         -1          -1           1            1
(x - 1)^2 * (x + 1)^4                       4                       1          1         1          1         1          1         -1          -1          1           1         -1          -1         -1          -1          -1           -1
(x - 1)^2 * (x + 1)^4                       4                       1          1        -1         -1        -1         -1          1           1          1           1         -1          -1         -1          -1           1            1
(x + 1)^2 * (x - 1)^4                       4                       1          1         1          1         1          1         -1          -1          1           1         -1          -1         -1          -1          -1           -1
(x - 1)^2 * (x + 1)^2 * (x^2 + 1)          24                       1          1        -1         -1        -1         -1          1           1          1           1         -1          -1         -1          -1           1            1
(x - 1)^2 * (x + 1)^2 * (x^2 + 1)          24                       1          1         1          1         1          1         -1          -1          1           1         -1          -1         -1          -1          -1           -1
(x - 1)^2 * (x + 1)^2 * (x^2 + x + 1)      32                       1          1        -1         -1        -1         -1          1           1          1           1         -1          -1         -1          -1           1            1
(x - 1)^2 * (x + 1)^2 * (x^2 - x + 1)      32                       1          1         1          1         1          1         -1          -1          1           1         -1          -1         -1          -1          -1           -1
(x - 1)^2 * (x + 1)^2 * (x^2 - x + 1)      32                       1          1        -1         -1        -1         -1          1           1          1           1         -1          -1         -1          -1           1            1
(x - 1)^2 * (x + 1)^2 * (x^2 + x + 1)      32                       1          1         1          1         1          1         -1          -1          1           1         -1          -1         -1          -1          -1           -1
(x - 1)^3 * (x + 1)^3                      24                       1         -1        -1          1        -1          1          1          -1          1          -1         -1           1         -1           1           1           -1
(x - 1)^3 * (x + 1)^3                      24                       1         -1         1         -1         1         -1         -1           1          1          -1         -1           1         -1           1          -1            1
(x + 1) * (x - 1)^3 * (x^2 + 1)            12                       1         -1        -1          1        -1          1          1          -1          1          -1         -1           1         -1           1           1           -1
(x - 1) * (x + 1)^3 * (x^2 + 1)            12                       1         -1         1         -1         1         -1         -1           1          1          -1         -1           1         -1           1          -1            1
(x - 1) * (x + 1)^3 * (x^2 + 1)            12                       1         -1        -1          1        -1          1          1          -1          1          -1         -1           1         -1           1           1           -1
(x + 1) * (x - 1)^3 * (x^2 + 1)            12                       1         -1         1         -1         1         -1         -1           1          1          -1         -1           1         -1           1          -1            1
(x - 1) * (x + 1) * (x^4 + 1)              48                       1         -1        -1          1        -1          1          1          -1          1          -1         -1           1         -1           1           1           -1
(x - 1) * (x + 1) * (x^4 + 1)              48                       1         -1         1         -1         1         -1         -1           1          1          -1         -1           1         -1           1          -1            1

#O(Q) = 768
#SO(Q) = 384

------------------------------------------------------------------------------------------------------------------------

Class representative:
[ 2  1  0  0  1 -1]
[ 1  2  0  0  0 -1]
[ 0  0  2  0 -1  1]
[ 0  0  0  2  1  0]
[ 1  0 -1  1  6 -3]
[-1 -1  1  0 -3  6]

Char. Poly                                       Size    (spin, det) = (1, 1)    (1, -1)    (3, 1)    (3, -1)    (5, 1)    (5, -1)    (13, 1)    (13, -1)    (15, 1)    (15, -1)    (39, 1)    (39, -1)    (65, 1)    (65, -1)    (195, 1)    (195, -1)
---------------------------------------------  ------  ----------------------  ---------  --------  ---------  --------  ---------  ---------  ----------  ---------  ----------  ---------  ----------  ---------  ----------  ----------  -----------
(x - 1)^6                                           1                       1          1         1          1         1          1          1           1          1           1          1           1          1           1           1            1
(x - 1)^2 * (x + 1)^2 * (x^2 + 1)                   6                       1          1        -1         -1        -1         -1          1           1          1           1         -1          -1         -1          -1           1            1
(x - 1)^3 * (x + 1)^3                               3                       1         -1         1         -1         1         -1          1          -1          1          -1          1          -1          1          -1           1           -1
(x + 1)^2 * (x - 1)^4                               6                       1          1         1          1         1          1          1           1          1           1          1           1          1           1           1            1
(x + 1) * (x - 1)^5                                 3                       1         -1         1         -1         1         -1          1          -1          1          -1          1          -1          1          -1           1           -1
(x - 1)^2 * (x + 1)^2 * (x^2 + x + 1)               4                       1          1        -1         -1        -1         -1          1           1          1           1         -1          -1         -1          -1           1            1
(x - 1) * (x + 1) * (x^2 + 1) * (x^2 + x + 1)       4                       1         -1        -1          1        -1          1          1          -1          1          -1         -1           1         -1           1           1           -1
(x - 1)^2 * (x + 1)^2 * (x^2 + x + 1)               2                       1          1         1          1         1          1          1           1          1           1          1           1          1           1           1            1
(x + 1) * (x - 1)^3 * (x^2 + x + 1)                 4                       1         -1         1         -1         1         -1          1          -1          1          -1          1          -1          1          -1           1           -1
(x - 1)^4 * (x^2 + x + 1)                           2                       1          1         1          1         1          1          1           1          1           1          1           1          1           1           1            1
(x + 1)^6                                           1                       1          1        -1         -1        -1         -1         -1          -1          1           1          1           1          1           1          -1           -1
(x - 1) * (x + 1)^5                                 2                       1         -1        -1          1        -1          1         -1           1          1          -1          1          -1          1          -1          -1            1
(x - 1)^2 * (x + 1)^4                               1                       1          1        -1         -1        -1         -1         -1          -1          1           1          1           1          1           1          -1           -1
(x - 1)^2 * (x + 1)^4                               2                       1          1         1          1         1          1         -1          -1          1           1         -1          -1         -1          -1          -1           -1
(x - 1) * (x + 1)^3 * (x^2 + 1)                     2                       1         -1         1         -1         1         -1         -1           1          1          -1         -1           1         -1           1          -1            1
(x - 1) * (x + 1)^5                                 3                       1         -1        -1          1        -1          1         -1           1          1          -1          1          -1          1          -1          -1            1
(x - 1)^2 * (x + 1)^4                               6                       1          1        -1         -1        -1         -1         -1          -1          1           1          1           1          1           1          -1           -1
(x - 1)^3 * (x + 1)^3                               3                       1         -1        -1          1        -1          1         -1           1          1          -1          1          -1          1          -1          -1            1
(x - 1)^3 * (x + 1)^3                               6                       1         -1         1         -1         1         -1         -1           1          1          -1         -1           1         -1           1          -1            1
(x - 1)^2 * (x + 1)^2 * (x^2 + 1)                   6                       1          1         1          1         1          1         -1          -1          1           1         -1          -1         -1          -1          -1           -1
(x + 1)^4 * (x^2 - x + 1)                           2                       1          1        -1         -1        -1         -1         -1          -1          1           1          1           1          1           1          -1           -1
(x - 1) * (x + 1)^3 * (x^2 - x + 1)                 4                       1         -1        -1          1        -1          1         -1           1          1          -1          1          -1          1          -1          -1            1
(x - 1)^2 * (x + 1)^2 * (x^2 - x + 1)               2                       1          1        -1         -1        -1         -1         -1          -1          1           1          1           1          1           1          -1           -1
(x - 1)^2 * (x + 1)^2 * (x^2 - x + 1)               4                       1          1         1          1         1          1         -1          -1          1           1         -1          -1         -1          -1          -1           -1
(x - 1) * (x + 1) * (x^2 - x + 1) * (x^2 + 1)       4                       1         -1         1         -1         1         -1         -1           1          1          -1         -1           1         -1           1          -1            1
(x + 1)^2 * (x - 1)^4                               2                       1          1        -1         -1        -1         -1          1           1          1           1         -1          -1         -1          -1           1            1
(x + 1) * (x - 1)^3 * (x^2 + 1)                     2                       1         -1        -1          1        -1          1          1          -1          1          -1         -1           1         -1           1           1           -1
(x + 1)^2 * (x - 1)^4                               1                       1          1         1          1         1          1          1           1          1           1          1           1          1           1           1            1
(x + 1) * (x - 1)^5                                 2                       1         -1         1         -1         1         -1          1          -1          1          -1          1          -1          1          -1           1           -1
(x - 1)^3 * (x + 1)^3                               6                       1         -1        -1          1        -1          1          1          -1          1          -1         -1           1         -1           1           1           -1

#O(Q) = 96
#SO(Q) = 48

------------------------------------------------------------------------------------------------------------------------

Class representative:
[ 2  1  0  0  0  0]
[ 1  2  0  0  0  0]
[ 0  0  2 -1 -1 -1]
[ 0  0 -1  4  2  1]
[ 0  0 -1  2  4  0]
[ 0  0 -1  1  0  4]

Char. Poly                               Size    (spin, det) = (1, 1)    (1, -1)    (3, 1)    (3, -1)    (5, 1)    (5, -1)    (13, 1)    (13, -1)    (15, 1)    (15, -1)    (39, 1)    (39, -1)    (65, 1)    (65, -1)    (195, 1)    (195, -1)
-------------------------------------  ------  ----------------------  ---------  --------  ---------  --------  ---------  ---------  ----------  ---------  ----------  ---------  ----------  ---------  ----------  ----------  -----------
(x - 1)^6                                   1                       1          1         1          1         1          1          1           1          1           1          1           1          1           1           1            1
(x - 1)^3 * (x + 1)^3                       3                       1         -1         1         -1        -1          1          1          -1         -1           1          1          -1         -1           1          -1            1
(x - 1)^2 * (x + 1)^4                       3                       1          1         1          1         1          1         -1          -1          1           1         -1          -1         -1          -1          -1           -1
(x + 1)^2 * (x - 1)^4                       3                       1          1         1          1         1          1          1           1          1           1          1           1          1           1           1            1
(x - 1)^2 * (x + 1)^4                       3                       1          1         1          1        -1         -1         -1          -1         -1          -1         -1          -1          1           1           1            1
(x + 1)^2 * (x - 1)^4                       3                       1          1         1          1        -1         -1          1           1         -1          -1          1           1         -1          -1          -1           -1
(x - 1)^3 * (x + 1)^3                       3                       1         -1         1         -1         1         -1         -1           1          1          -1         -1           1         -1           1          -1            1
(x + 1) * (x - 1)^5                         3                       1         -1         1         -1         1         -1          1          -1          1          -1          1          -1          1          -1           1           -1
(x + 1)^4 * (x^2 + x + 1)                   2                       1          1         1          1        -1         -1         -1          -1         -1          -1         -1          -1          1           1           1            1
(x - 1)^2 * (x + 1)^2 * (x^2 + x + 1)       2                       1          1         1          1        -1         -1          1           1         -1          -1          1           1         -1          -1          -1           -1
(x - 1) * (x + 1)^3 * (x^2 + x + 1)         2                       1         -1         1         -1         1         -1         -1           1          1          -1         -1           1         -1           1          -1            1
(x + 1) * (x - 1)^3 * (x^2 + x + 1)         2                       1         -1         1         -1         1         -1          1          -1          1          -1          1          -1          1          -1           1           -1
(x - 1) * (x + 1)^3 * (x^2 + x + 1)         2                       1         -1         1         -1        -1          1         -1           1         -1           1         -1           1          1          -1           1           -1
(x + 1) * (x - 1)^3 * (x^2 + x + 1)         2                       1         -1         1         -1        -1          1          1          -1         -1           1          1          -1         -1           1          -1            1
(x - 1)^2 * (x + 1)^2 * (x^2 + x + 1)       2                       1          1         1          1         1          1         -1          -1          1           1         -1          -1         -1          -1          -1           -1
(x - 1)^4 * (x^2 + x + 1)                   2                       1          1         1          1         1          1          1           1          1           1          1           1          1           1           1            1
(x + 1)^6                                   1                       1          1        -1         -1        -1         -1         -1          -1          1           1          1           1          1           1          -1           -1
(x - 1)^2 * (x + 1)^4                       1                       1          1        -1         -1        -1         -1          1           1          1           1         -1          -1         -1          -1           1            1
(x - 1) * (x + 1)^5                         1                       1         -1        -1          1         1         -1         -1           1         -1           1          1          -1         -1           1           1           -1
(x - 1)^3 * (x + 1)^3                       1                       1         -1        -1          1         1         -1          1          -1         -1           1         -1           1          1          -1          -1            1
(x - 1) * (x + 1)^5                         1                       1         -1        -1          1        -1          1         -1           1          1          -1          1          -1          1          -1          -1            1
(x - 1)^3 * (x + 1)^3                       1                       1         -1        -1          1        -1          1          1          -1          1          -1         -1           1         -1           1           1           -1
(x - 1)^2 * (x + 1)^4                       1                       1          1        -1         -1         1          1         -1          -1         -1          -1          1           1         -1          -1           1            1
(x + 1)^2 * (x - 1)^4                       1                       1          1        -1         -1         1          1          1           1         -1          -1         -1          -1          1           1          -1           -1
(x - 1) * (x + 1)^5                         3                       1         -1        -1          1        -1          1         -1           1          1          -1          1          -1          1          -1          -1            1
(x - 1)^3 * (x + 1)^3                       3                       1         -1        -1          1        -1          1          1          -1          1          -1         -1           1         -1           1           1           -1
(x - 1)^2 * (x + 1)^4                       3                       1          1        -1         -1         1          1         -1          -1         -1          -1          1           1         -1          -1           1            1
(x + 1)^2 * (x - 1)^4                       3                       1          1        -1         -1         1          1          1           1         -1          -1         -1          -1          1           1          -1           -1
(x - 1)^2 * (x + 1)^4                       3                       1          1        -1         -1        -1         -1         -1          -1          1           1          1           1          1           1          -1           -1
(x + 1)^2 * (x - 1)^4                       3                       1          1        -1         -1        -1         -1          1           1          1           1         -1          -1         -1          -1           1            1
(x - 1)^3 * (x + 1)^3                       3                       1         -1        -1          1         1         -1         -1           1         -1           1          1          -1         -1           1           1           -1
(x + 1) * (x - 1)^5                         3                       1         -1        -1          1         1         -1          1          -1         -1           1         -1           1          1          -1          -1            1
(x + 1)^4 * (x^2 - x + 1)                   2                       1          1        -1         -1        -1         -1         -1          -1          1           1          1           1          1           1          -1           -1
(x - 1)^2 * (x + 1)^2 * (x^2 - x + 1)       2                       1          1        -1         -1        -1         -1          1           1          1           1         -1          -1         -1          -1           1            1
(x - 1) * (x + 1)^3 * (x^2 - x + 1)         2                       1         -1        -1          1         1         -1         -1           1         -1           1          1          -1         -1           1           1           -1
(x + 1) * (x - 1)^3 * (x^2 - x + 1)         2                       1         -1        -1          1         1         -1          1          -1         -1           1         -1           1          1          -1          -1            1
(x - 1) * (x + 1)^3 * (x^2 - x + 1)         2                       1         -1        -1          1        -1          1         -1           1          1          -1          1          -1          1          -1          -1            1
(x + 1) * (x - 1)^3 * (x^2 - x + 1)         2                       1         -1        -1          1        -1          1          1          -1          1          -1         -1           1         -1           1           1           -1
(x - 1)^2 * (x + 1)^2 * (x^2 - x + 1)       2                       1          1        -1         -1         1          1         -1          -1         -1          -1          1           1         -1          -1           1            1
(x - 1)^4 * (x^2 - x + 1)                   2                       1          1        -1         -1         1          1          1           1         -1          -1         -1          -1          1           1          -1           -1
(x - 1)^2 * (x + 1)^4                       1                       1          1         1          1        -1         -1         -1          -1         -1          -1         -1          -1          1           1           1            1
(x + 1)^2 * (x - 1)^4                       1                       1          1         1          1        -1         -1          1           1         -1          -1          1           1         -1          -1          -1           -1
(x - 1)^3 * (x + 1)^3                       1                       1         -1         1         -1         1         -1         -1           1          1          -1         -1           1         -1           1          -1            1
(x + 1) * (x - 1)^5                         1                       1         -1         1         -1         1         -1          1          -1          1          -1          1          -1          1          -1           1           -1
(x - 1)^3 * (x + 1)^3                       1                       1         -1         1         -1        -1          1         -1           1         -1           1         -1           1          1          -1           1           -1
(x + 1) * (x - 1)^5                         1                       1         -1         1         -1        -1          1          1          -1         -1           1          1          -1         -1           1          -1            1
(x + 1)^2 * (x - 1)^4                       1                       1          1         1          1         1          1         -1          -1          1           1         -1          -1         -1          -1          -1           -1
(x - 1) * (x + 1)^5                         3                       1         -1         1         -1        -1          1         -1           1         -1           1         -1           1          1          -1           1           -1

#O(Q) = 96
#SO(Q) = 48

------------------------------------------------------------------------------------------------------------------------

Class representative:
[ 2  1  1  1  1  1]
[ 1  2  0  1  1  1]
[ 1  0  4  2 -1 -1]
[ 1  1  2  4  0  0]
[ 1  1 -1  0  4  1]
[ 1  1 -1  0  1  4]

Char. Poly                               Size    (spin, det) = (1, 1)    (1, -1)    (3, 1)    (3, -1)    (5, 1)    (5, -1)    (13, 1)    (13, -1)    (15, 1)    (15, -1)    (39, 1)    (39, -1)    (65, 1)    (65, -1)    (195, 1)    (195, -1)
-------------------------------------  ------  ----------------------  ---------  --------  ---------  --------  ---------  ---------  ----------  ---------  ----------  ---------  ----------  ---------  ----------  ----------  -----------
(x - 1)^6                                   1                       1          1         1          1         1          1          1           1          1           1          1           1          1           1           1            1
(x + 1) * (x - 1)^5                         3                       1         -1         1         -1         1         -1          1          -1          1          -1          1          -1          1          -1           1           -1
(x - 1)^3 * (x + 1)^3                       3                       1         -1        -1          1        -1          1          1          -1          1          -1         -1           1         -1           1           1           -1
(x + 1)^2 * (x - 1)^4                       3                       1          1         1          1        -1         -1          1           1         -1          -1          1           1         -1          -1          -1           -1
(x + 1) * (x - 1)^3 * (x^2 + x + 1)         2                       1         -1        -1          1         1         -1          1          -1         -1           1         -1           1          1          -1          -1            1
(x - 1)^4 * (x^2 + x + 1)                   2                       1          1         1          1         1          1          1           1          1           1          1           1          1           1           1            1
(x - 1)^2 * (x + 1)^2 * (x^2 + x + 1)       2                       1          1        -1         -1        -1         -1          1           1          1           1         -1          -1         -1          -1           1            1
(x + 1) * (x - 1)^3 * (x^2 + x + 1)         2                       1         -1         1         -1        -1          1          1          -1         -1           1          1          -1         -1           1          -1            1
(x - 1) * (x + 1)^5                         1                       1         -1        -1          1         1         -1         -1           1         -1           1          1          -1         -1           1           1           -1
(x - 1)^2 * (x + 1)^4                       1                       1          1         1          1         1          1         -1          -1          1           1         -1          -1         -1          -1          -1           -1
(x + 1)^6                                   1                       1          1        -1         -1        -1         -1         -1          -1          1           1          1           1          1           1          -1           -1
(x - 1) * (x + 1)^5                         1                       1         -1         1         -1        -1          1         -1           1         -1           1         -1           1          1          -1           1           -1
(x - 1)^2 * (x + 1)^4                       3                       1          1        -1         -1         1          1         -1          -1         -1          -1          1           1         -1          -1           1            1
(x - 1)^3 * (x + 1)^3                       3                       1         -1         1         -1         1         -1         -1           1          1          -1         -1           1         -1           1          -1            1
(x - 1) * (x + 1)^5                         3                       1         -1        -1          1        -1          1         -1           1          1          -1          1          -1          1          -1          -1            1
(x - 1)^2 * (x + 1)^4                       3                       1          1         1          1        -1         -1         -1          -1         -1          -1         -1          -1          1           1           1            1
(x - 1) * (x + 1)^3 * (x^2 - x + 1)         2                       1         -1        -1          1         1         -1         -1           1         -1           1          1          -1         -1           1           1           -1
(x - 1)^2 * (x + 1)^2 * (x^2 - x + 1)       2                       1          1         1          1         1          1         -1          -1          1           1         -1          -1         -1          -1          -1           -1
(x + 1)^4 * (x^2 - x + 1)                   2                       1          1        -1         -1        -1         -1         -1          -1          1           1          1           1          1           1          -1           -1
(x - 1) * (x + 1)^3 * (x^2 - x + 1)         2                       1         -1         1         -1        -1          1         -1           1         -1           1         -1           1          1          -1           1           -1
(x + 1) * (x - 1)^5                         1                       1         -1        -1          1         1         -1          1          -1         -1           1         -1           1          1          -1          -1            1
(x + 1)^2 * (x - 1)^4                       3                       1          1        -1         -1         1          1          1           1         -1          -1         -1          -1          1           1          -1           -1
(x + 1)^2 * (x - 1)^4                       1                       1          1        -1         -1        -1         -1          1           1          1           1         -1          -1         -1          -1           1            1
(x + 1) * (x - 1)^5                         1                       1         -1         1         -1        -1          1          1          -1         -1           1          1          -1         -1           1          -1            1

#O(Q) = 48
#SO(Q) = 24

------------------------------------------------------------------------------------------------------------------------

Class representative:
[ 2  1  0  1  0  0]
[ 1  2  0  1  0  0]
[ 0  0  2  1  1 -1]
[ 1  1  1  4  0  0]
[ 0  0  1  0  4 -1]
[ 0  0 -1  0 -1  4]

Char. Poly                               Size    (spin, det) = (1, 1)    (1, -1)    (3, 1)    (3, -1)    (5, 1)    (5, -1)    (13, 1)    (13, -1)    (15, 1)    (15, -1)    (39, 1)    (39, -1)    (65, 1)    (65, -1)    (195, 1)    (195, -1)
-------------------------------------  ------  ----------------------  ---------  --------  ---------  --------  ---------  ---------  ----------  ---------  ----------  ---------  ----------  ---------  ----------  ----------  -----------
(x - 1)^6                                   1                       1          1         1          1         1          1          1           1          1           1          1           1          1           1           1            1
(x + 1)^2 * (x - 1)^4                       3                       1          1         1          1         1          1          1           1          1           1          1           1          1           1           1            1
(x + 1)^2 * (x - 1)^4                       3                       1          1        -1         -1         1          1          1           1         -1          -1         -1          -1          1           1          -1           -1
(x + 1) * (x - 1)^5                         3                       1         -1         1         -1         1         -1          1          -1          1          -1          1          -1          1          -1           1           -1
(x - 1)^2 * (x + 1)^2 * (x^2 + x + 1)       2                       1          1        -1         -1         1          1          1           1         -1          -1         -1          -1          1           1          -1           -1
(x + 1) * (x - 1)^3 * (x^2 + x + 1)         2                       1         -1         1         -1         1         -1          1          -1          1          -1          1          -1          1          -1           1           -1
(x + 1) * (x - 1)^3 * (x^2 + x + 1)         2                       1         -1        -1          1         1         -1          1          -1         -1           1         -1           1          1          -1          -1            1
(x - 1)^4 * (x^2 + x + 1)                   2                       1          1         1          1         1          1          1           1          1           1          1           1          1           1           1            1
(x + 1)^6                                   1                       1          1        -1         -1        -1         -1         -1          -1          1           1          1           1          1           1          -1           -1
(x - 1) * (x + 1)^5                         1                       1         -1         1         -1        -1          1         -1           1         -1           1         -1           1          1          -1           1           -1
(x - 1) * (x + 1)^5                         1                       1         -1        -1          1        -1          1         -1           1          1          -1          1          -1          1          -1          -1            1
(x - 1)^2 * (x + 1)^4                       1                       1          1         1          1        -1         -1         -1          -1         -1          -1         -1          -1          1           1           1            1
(x - 1) * (x + 1)^5                         3                       1         -1        -1          1        -1          1         -1           1          1          -1          1          -1          1          -1          -1            1
(x - 1)^2 * (x + 1)^4                       3                       1          1         1          1        -1         -1         -1          -1         -1          -1         -1          -1          1           1           1            1
(x - 1)^2 * (x + 1)^4                       3                       1          1        -1         -1        -1         -1         -1          -1          1           1          1           1          1           1          -1           -1
(x - 1)^3 * (x + 1)^3                       3                       1         -1         1         -1        -1          1         -1           1         -1           1         -1           1          1          -1           1           -1
(x + 1)^4 * (x^2 - x + 1)                   2                       1          1        -1         -1        -1         -1         -1          -1          1           1          1           1          1           1          -1           -1
(x - 1) * (x + 1)^3 * (x^2 - x + 1)         2                       1         -1         1         -1        -1          1         -1           1         -1           1         -1           1          1          -1           1           -1
(x - 1) * (x + 1)^3 * (x^2 - x + 1)         2                       1         -1        -1          1        -1          1         -1           1          1          -1          1          -1          1          -1          -1            1
(x - 1)^2 * (x + 1)^2 * (x^2 - x + 1)       2                       1          1         1          1        -1         -1         -1          -1         -1          -1         -1          -1          1           1           1            1
(x + 1)^2 * (x - 1)^4                       1                       1          1        -1         -1         1          1          1           1         -1          -1         -1          -1          1           1          -1           -1
(x + 1) * (x - 1)^5                         1                       1         -1         1         -1         1         -1          1          -1          1          -1          1          -1          1          -1           1           -1
(x + 1) * (x - 1)^5                         1                       1         -1        -1          1         1         -1          1          -1         -1           1         -1           1          1          -1          -1            1
(x - 1)^3 * (x + 1)^3                       3                       1         -1        -1          1         1         -1          1          -1         -1           1         -1           1          1          -1          -1            1

#O(Q) = 48
#SO(Q) = 24

------------------------------------------------------------------------------------------------------------------------

Class representative:
[ 2  1  0  0  0 -1]
[ 1  2  0  0  0  0]
[ 0  0  2  1  0  0]
[ 0  0  1  2  0  0]
[ 0  0  0  0  2  1]
[-1  0  0  0  1 12]

Char. Poly                                           Size    (spin, det) = (1, 1)    (1, -1)    (3, 1)    (3, -1)    (5, 1)    (5, -1)    (13, 1)    (13, -1)    (15, 1)    (15, -1)    (39, 1)    (39, -1)    (65, 1)    (65, -1)    (195, 1)    (195, -1)
-------------------------------------------------  ------  ----------------------  ---------  --------  ---------  --------  ---------  ---------  ----------  ---------  ----------  ---------  ----------  ---------  ----------  ----------  -----------
(x - 1)^6                                               1                       1          1         1          1         1          1          1           1          1           1          1           1          1           1           1            1
(x + 1)^2 * (x - 1)^4                                   9                       1          1         1          1         1          1          1           1          1           1          1           1          1           1           1            1
(x - 1)^2 * (x + 1)^2 * (x^2 + x + 1)                   6                       1          1         1          1         1          1          1           1          1           1          1           1          1           1           1            1
(x + 1) * (x - 1)^3 * (x^2 + x + 1)                     6                       1         -1         1         -1         1         -1          1          -1          1          -1          1          -1          1          -1           1           -1
(x - 1)^2 * (x + 1)^4                                   3                       1          1        -1         -1         1          1          1           1         -1          -1         -1          -1          1           1          -1           -1
(x - 1)^3 * (x + 1)^3                                   3                       1         -1        -1          1         1         -1          1          -1         -1           1         -1           1          1          -1          -1            1
(x - 1)^3 * (x + 1)^3                                   9                       1         -1        -1          1         1         -1          1          -1         -1           1         -1           1          1          -1          -1            1
(x + 1)^2 * (x - 1)^4                                   9                       1          1        -1         -1         1          1          1           1         -1          -1         -1          -1          1           1          -1           -1
(x - 1)^2 * (x + 1)^2 * (x^2 - x + 1)                   6                       1          1        -1         -1         1          1          1           1         -1          -1         -1          -1          1           1          -1           -1
(x + 1) * (x - 1)^3 * (x^2 - x + 1)                     6                       1         -1        -1          1         1         -1          1          -1         -1           1         -1           1          1          -1          -1            1
(x + 1)^2 * (x - 1)^4                                   3                       1          1         1          1         1          1          1           1          1           1          1           1          1           1           1            1
(x + 1) * (x - 1)^5                                     3                       1         -1         1         -1         1         -1          1          -1          1          -1          1          -1          1          -1           1           -1
(x - 1)^2 * (x + 1)^2 * (x^2 + x + 1)                   6                       1          1         1          1         1          1          1           1          1           1          1           1          1           1           1            1
(x + 1) * (x - 1)^3 * (x^2 + x + 1)                     6                       1         -1         1         -1         1         -1          1          -1          1          -1          1          -1          1          -1           1           -1
(x - 1) * (x + 1) * (x^2 + x + 1)^2                     4                       1         -1         1         -1         1         -1          1          -1          1          -1          1          -1          1          -1           1           -1
(x - 1)^2 * (x^2 + x + 1)^2                             4                       1          1         1          1         1          1          1           1          1           1          1           1          1           1           1            1
(x - 1) * (x + 1)^3 * (x^2 + x + 1)                     2                       1         -1        -1          1         1         -1          1          -1         -1           1         -1           1          1          -1          -1            1
(x - 1)^2 * (x + 1)^2 * (x^2 + x + 1)                   2                       1          1        -1         -1         1          1          1           1         -1          -1         -1          -1          1           1          -1           -1
(x - 1)^2 * (x + 1)^2 * (x^2 + x + 1)                   6                       1          1        -1         -1         1          1          1           1         -1          -1         -1          -1          1           1          -1           -1
(x + 1) * (x - 1)^3 * (x^2 + x + 1)                     6                       1         -1        -1          1         1         -1          1          -1         -1           1         -1           1          1          -1          -1            1
(x - 1) * (x + 1) * (x^2 - x + 1) * (x^2 + x + 1)       4                       1         -1        -1          1         1         -1          1          -1         -1           1         -1           1          1          -1          -1            1
(x - 1)^2 * (x^2 - x + 1) * (x^2 + x + 1)               4                       1          1        -1         -1         1          1          1           1         -1          -1         -1          -1          1           1          -1           -1
(x + 1) * (x - 1)^3 * (x^2 + x + 1)                     2                       1         -1         1         -1         1         -1          1          -1          1          -1          1          -1          1          -1           1           -1
(x - 1)^4 * (x^2 + x + 1)                               2                       1          1         1          1         1          1          1           1          1           1          1           1          1           1           1            1
(x - 1) * (x + 1)^5                                     3                       1         -1         1         -1        -1          1         -1           1         -1           1         -1           1          1          -1           1           -1
(x - 1)^2 * (x + 1)^4                                   3                       1          1         1          1        -1         -1         -1          -1         -1          -1         -1          -1          1           1           1            1
(x + 1)^4 * (x^2 + x + 1)                               2                       1          1         1          1        -1         -1         -1          -1         -1          -1         -1          -1          1           1           1            1
(x - 1) * (x + 1)^3 * (x^2 + x + 1)                     2                       1         -1         1         -1        -1          1         -1           1         -1           1         -1           1          1          -1           1           -1
(x + 1)^6                                               1                       1          1        -1         -1        -1         -1         -1          -1          1           1          1           1          1           1          -1           -1
(x - 1) * (x + 1)^5                                     1                       1         -1        -1          1        -1          1         -1           1          1          -1          1          -1          1          -1          -1            1
(x - 1) * (x + 1)^5                                     3                       1         -1        -1          1        -1          1         -1           1          1          -1          1          -1          1          -1          -1            1
(x - 1)^2 * (x + 1)^4                                   3                       1          1        -1         -1        -1         -1         -1          -1          1           1          1           1          1           1          -1           -1
(x + 1)^4 * (x^2 - x + 1)                               2                       1          1        -1         -1        -1         -1         -1          -1          1           1          1           1          1           1          -1           -1
(x - 1) * (x + 1)^3 * (x^2 - x + 1)                     2                       1         -1        -1          1        -1          1         -1           1          1          -1          1          -1          1          -1          -1            1
(x - 1)^2 * (x + 1)^4                                   1                       1          1         1          1        -1         -1         -1          -1         -1          -1         -1          -1          1           1           1            1
(x - 1)^3 * (x + 1)^3                                   1                       1         -1         1         -1        -1          1         -1           1         -1           1         -1           1          1          -1           1           -1
(x - 1)^2 * (x + 1)^4                                   9                       1          1         1          1        -1         -1         -1          -1         -1          -1         -1          -1          1           1           1            1
(x - 1)^3 * (x + 1)^3                                   9                       1         -1         1         -1        -1          1         -1           1         -1           1         -1           1          1          -1           1           -1
(x - 1) * (x + 1)^3 * (x^2 + x + 1)                     6                       1         -1         1         -1        -1          1         -1           1         -1           1         -1           1          1          -1           1           -1
(x - 1)^2 * (x + 1)^2 * (x^2 + x + 1)                   6                       1          1         1          1        -1         -1         -1          -1         -1          -1         -1          -1          1           1           1            1
(x - 1) * (x + 1)^5                                     3                       1         -1        -1          1        -1          1         -1           1          1          -1          1          -1          1          -1          -1            1
(x - 1)^2 * (x + 1)^4                                   3                       1          1        -1         -1        -1         -1         -1          -1          1           1          1           1          1           1          -1           -1
(x - 1)^2 * (x + 1)^4                                   9                       1          1        -1         -1        -1         -1         -1          -1          1           1          1           1          1           1          -1           -1
(x - 1)^3 * (x + 1)^3                                   9                       1         -1        -1          1        -1          1         -1           1          1          -1          1          -1          1          -1          -1            1
(x - 1) * (x + 1)^3 * (x^2 - x + 1)                     6                       1         -1        -1          1        -1          1         -1           1          1          -1          1          -1          1          -1          -1            1
(x - 1)^2 * (x + 1)^2 * (x^2 - x + 1)                   6                       1          1        -1         -1        -1         -1         -1          -1          1           1          1           1          1           1          -1           -1
(x - 1)^3 * (x + 1)^3                                   3                       1         -1         1         -1        -1          1         -1           1         -1           1         -1           1          1          -1           1           -1
(x + 1)^2 * (x - 1)^4                                   3                       1          1         1          1        -1         -1         -1          -1         -1          -1         -1          -1          1           1           1            1
(x - 1) * (x + 1)^3 * (x^2 - x + 1)                     6                       1         -1         1         -1        -1          1         -1           1         -1           1         -1           1          1          -1           1           -1
(x - 1)^2 * (x + 1)^2 * (x^2 - x + 1)                   6                       1          1         1          1        -1         -1         -1          -1         -1          -1         -1          -1          1           1           1            1
(x + 1)^2 * (x^2 - x + 1) * (x^2 + x + 1)               4                       1          1         1          1        -1         -1         -1          -1         -1          -1         -1          -1          1           1           1            1
(x - 1) * (x + 1) * (x^2 - x + 1) * (x^2 + x + 1)       4                       1         -1         1         -1        -1          1         -1           1         -1           1         -1           1          1          -1           1           -1
(x + 1)^4 * (x^2 - x + 1)                               2                       1          1        -1         -1        -1         -1         -1          -1          1           1          1           1          1           1          -1           -1
(x - 1) * (x + 1)^3 * (x^2 - x + 1)                     2                       1         -1        -1          1        -1          1         -1           1          1          -1          1          -1          1          -1          -1            1
(x - 1) * (x + 1)^3 * (x^2 - x + 1)                     6                       1         -1        -1          1        -1          1         -1           1          1          -1          1          -1          1          -1          -1            1
(x - 1)^2 * (x + 1)^2 * (x^2 - x + 1)                   6                       1          1        -1         -1        -1         -1         -1          -1          1           1          1           1          1           1          -1           -1
(x + 1)^2 * (x^2 - x + 1)^2                             4                       1          1        -1         -1        -1         -1         -1          -1          1           1          1           1          1           1          -1           -1
(x - 1) * (x + 1) * (x^2 - x + 1)^2                     4                       1         -1        -1          1        -1          1         -1           1          1          -1          1          -1          1          -1          -1            1
(x - 1)^2 * (x + 1)^2 * (x^2 - x + 1)                   2                       1          1         1          1        -1         -1         -1          -1         -1          -1         -1          -1          1           1           1            1
(x + 1) * (x - 1)^3 * (x^2 - x + 1)                     2                       1         -1         1         -1        -1          1         -1           1         -1           1         -1           1          1          -1           1           -1
(x + 1)^2 * (x - 1)^4                                   3                       1          1         1          1         1          1          1           1          1           1          1           1          1           1           1            1
(x + 1) * (x - 1)^5                                     3                       1         -1         1         -1         1         -1          1          -1          1          -1          1          -1          1          -1           1           -1
(x + 1) * (x - 1)^3 * (x^2 + x + 1)                     2                       1         -1         1         -1         1         -1          1          -1          1          -1          1          -1          1          -1           1           -1
(x - 1)^4 * (x^2 + x + 1)                               2                       1          1         1          1         1          1          1           1          1           1          1           1          1           1           1            1
(x - 1)^3 * (x + 1)^3                                   1                       1         -1        -1          1         1         -1          1          -1         -1           1         -1           1          1          -1          -1            1
(x + 1)^2 * (x - 1)^4                                   1                       1          1        -1         -1         1          1          1           1         -1          -1         -1          -1          1           1          -1           -1
(x + 1)^2 * (x - 1)^4                                   3                       1          1        -1         -1         1          1          1           1         -1          -1         -1          -1          1           1          -1           -1
(x + 1) * (x - 1)^5                                     3                       1         -1        -1          1         1         -1          1          -1         -1           1         -1           1          1          -1          -1            1
(x + 1) * (x - 1)^3 * (x^2 - x + 1)                     2                       1         -1        -1          1         1         -1          1          -1         -1           1         -1           1          1          -1          -1            1
(x - 1)^4 * (x^2 - x + 1)                               2                       1          1        -1         -1         1          1          1           1         -1          -1         -1          -1          1           1          -1           -1
(x + 1) * (x - 1)^5                                     1                       1         -1         1         -1         1         -1          1          -1          1          -1          1          -1          1          -1           1           -1
(x - 1)^3 * (x + 1)^3                                   9                       1         -1         1         -1         1         -1          1          -1          1          -1          1          -1          1          -1           1           -1

#O(Q) = 288
#SO(Q) = 144